[0, 3, 4, 2, 9, 6, 5, 7, 1, 8] -  tempo: 835
[0, 8, 4, 1, 2, 5, 7, 3, 6, 9] -  tempo: 612
[0, 1, 8, 5, 2, 4, 9, 7, 3, 6] -  tempo: 596
[0, 2, 1, 6, 4, 3, 7, 8, 5, 9] -  tempo: 596
[0, 3, 4, 1, 7, 9, 2, 5, 6, 8] -  tempo: 631
[0, 3, 4, 7, 2, 6, 8, 1, 5, 9] -  tempo: 613
[0, 1, 4, 2, 5, 8, 7, 9, 3, 6] -  tempo: 598
[0, 1, 5, 7, 2, 6, 4, 3, 8, 9] -  tempo: 584
[0, 2, 3, 1, 5, 6, 8, 9, 4, 7] -  tempo: 590
[0, 1, 7, 3, 9, 6, 4, 5, 2, 8] -  tempo: 586
[0, 1, 3, 2, 9, 4, 6, 5, 8, 7] -  tempo: 589
[0, 1, 3, 2, 4, 9, 7, 6, 5, 8] -  tempo: 580
[0, 4, 5, 3, 8, 9, 1, 2, 7, 6] -  tempo: 577
[0, 1, 4, 8, 6, 2, 9, 3, 5, 7] -  tempo: 579
[0, 2, 4, 6, 8, 3, 1, 9, 5, 7] -  tempo: 575
[0, 4, 5, 1, 2, 3, 9, 7, 6, 8] -  tempo: 582
[0, 3, 8, 1, 7, 9, 2, 6, 4, 5] -  tempo: 584
[0, 3, 2, 6, 7, 8, 9, 1, 5, 4] -  tempo: 576
[0, 5, 7, 8, 3, 1, 9, 2, 4, 6] -  tempo: 581
[0, 6, 2, 3, 8, 9, 5, 4, 1, 7] -  tempo: 584
[0, 4, 5, 7, 1, 9, 3, 6, 2, 8] -  tempo: 583
[0, 1, 6, 5, 7, 8, 3, 2, 9, 4] -  tempo: 584
[0, 1, 6, 4, 3, 2, 8, 7, 9, 5] -  tempo: 591
[0, 7, 9, 2, 3, 1, 6, 4, 5, 8] -  tempo: 585
[0, 8, 6, 4, 2, 5, 7, 1, 3, 9] -  tempo: 579
[0, 3, 4, 9, 6, 1, 8, 5, 2, 7] -  tempo: 583
[0, 4, 2, 6, 7, 5, 1, 9, 3, 8] -  tempo: 584
[0, 4, 1, 8, 2, 9, 6, 5, 3, 7] -  tempo: 584
[0, 6, 3, 9, 4, 1, 5, 2, 7, 8] -  tempo: 575
[0, 1, 4, 6, 3, 2, 7, 5, 8, 9] -  tempo: 578
[0, 5, 7, 6, 3, 1, 2, 8, 4, 9] -  tempo: 580
[0, 2, 4, 1, 8, 9, 5, 3, 7, 6] -  tempo: 576
[0, 4, 3, 7, 1, 8, 2, 6, 9, 5] -  tempo: 580
[0, 7, 1, 3, 9, 5, 4, 6, 2, 8] -  tempo: 576
[0, 3, 1, 4, 7, 8, 5, 2, 6, 9] -  tempo: 582
[0, 6, 3, 1, 7, 2, 8, 5, 4, 9] -  tempo: 589
[0, 4, 9, 2, 8, 7, 3, 5, 1, 6] -  tempo: 585
[0, 4, 7, 8, 2, 1, 3, 9, 6, 5] -  tempo: 592
[0, 3, 6, 1, 2, 5, 4, 8, 7, 9] -  tempo: 585
[0, 2, 5, 4, 9, 6, 1, 3, 8, 7] -  tempo: 580
[0, 6, 3, 4, 2, 1, 5, 9, 7, 8] -  tempo: 586
[0, 2, 4, 7, 1, 9, 6, 5, 8, 3] -  tempo: 600
[0, 1, 7, 9, 4, 6, 2, 8, 3, 5] -  tempo: 587
[0, 1, 2, 9, 5, 6, 7, 4, 3, 8] -  tempo: 607
[0, 1, 6, 9, 4, 3, 2, 5, 8, 7] -  tempo: 627
[0, 4, 1, 3, 9, 7, 2, 8, 6, 5] -  tempo: 585
[0, 6, 5, 4, 9, 8, 3, 2, 1, 7] -  tempo: 584
[0, 2, 3, 9, 6, 7, 8, 1, 4, 5] -  tempo: 586
[0, 2, 9, 1, 7, 3, 6, 5, 4, 8] -  tempo: 581
[0, 1, 4, 7, 3, 8, 5, 6, 9, 2] -  tempo: 583
[0, 4, 1, 7, 2, 6, 9, 3, 5, 8] -  tempo: 585
[0, 4, 6, 9, 3, 8, 1, 2, 5, 7] -  tempo: 576
[0, 5, 2, 8, 3, 4, 7, 1, 9, 6] -  tempo: 588
[0, 1, 3, 7, 9, 6, 4, 8, 2, 5] -  tempo: 586
[0, 7, 8, 5, 2, 1, 3, 4, 6, 9] -  tempo: 583
[0, 7, 4, 1, 5, 8, 3, 6, 2, 9] -  tempo: 598
[0, 1, 5, 6, 4, 8, 7, 9, 3, 2] -  tempo: 596
[0, 8, 5, 1, 3, 6, 2, 7, 4, 9] -  tempo: 597
[0, 5, 3, 2, 6, 1, 9, 7, 4, 8] -  tempo: 602
[0, 1, 3, 5, 7, 8, 2, 9, 6, 4] -  tempo: 589
[0, 1, 4, 6, 8, 9, 5, 7, 2, 3] -  tempo: 581
[0, 5, 8, 1, 7, 3, 2, 4, 6, 9] -  tempo: 579
[0, 4, 6, 3, 7, 8, 1, 2, 9, 5] -  tempo: 582
[0, 6, 8, 9, 2, 1, 5, 3, 4, 7] -  tempo: 578
[0, 1, 9, 6, 7, 2, 8, 5, 3, 4] -  tempo: 586
[0, 8, 1, 3, 6, 2, 7, 4, 5, 9] -  tempo: 582
[0, 2, 5, 8, 7, 4, 1, 3, 9, 6] -  tempo: 582
[0, 3, 7, 8, 5, 2, 6, 4, 1, 9] -  tempo: 579
[0, 5, 1, 7, 3, 4, 2, 6, 8, 9] -  tempo: 577
[0, 3, 6, 1, 8, 2, 4, 9, 7, 5] -  tempo: 579
[0, 1, 3, 9, 8, 7, 5, 6, 4, 2] -  tempo: 589
[0, 3, 6, 1, 5, 4, 2, 9, 7, 8] -  tempo: 636
[0, 4, 1, 2, 3, 9, 8, 7, 6, 5] -  tempo: 587
[0, 1, 6, 9, 3, 5, 8, 7, 4, 2] -  tempo: 588
[0, 1, 3, 7, 2, 6, 8, 5, 9, 4] -  tempo: 581
[0, 1, 6, 4, 2, 5, 9, 7, 3, 8] -  tempo: 585
[0, 3, 7, 9, 4, 5, 6, 2, 1, 8] -  tempo: 585
[0, 1, 6, 4, 9, 2, 5, 3, 7, 8] -  tempo: 604
[0, 6, 1, 5, 4, 2, 3, 9, 8, 7] -  tempo: 581
[0, 1, 4, 9, 6, 3, 2, 7, 8, 5] -  tempo: 583
[0, 5, 6, 7, 9, 2, 1, 4, 3, 8] -  tempo: 631
[0, 4, 8, 3, 6, 2, 5, 7, 1, 9] -  tempo: 606
[0, 3, 2, 5, 8, 1, 9, 7, 6, 4] -  tempo: 589
[0, 2, 5, 7, 3, 6, 1, 8, 9, 4] -  tempo: 587
[0, 3, 2, 5, 9, 1, 4, 8, 7, 6] -  tempo: 602
[0, 7, 5, 2, 3, 6, 1, 4, 8, 9] -  tempo: 588
[0, 7, 8, 5, 6, 1, 4, 2, 3, 9] -  tempo: 582
[0, 1, 4, 7, 3, 9, 5, 8, 6, 2] -  tempo: 597
[0, 5, 8, 7, 1, 9, 3, 4, 2, 6] -  tempo: 618
[0, 2, 1, 4, 8, 7, 3, 6, 9, 5] -  tempo: 603
[0, 3, 7, 6, 1, 2, 9, 5, 8, 4] -  tempo: 609
[0, 6, 5, 1, 3, 2, 9, 8, 4, 7] -  tempo: 592
[0, 7, 1, 6, 4, 2, 9, 3, 5, 8] -  tempo: 583
[0, 2, 5, 8, 6, 9, 3, 1, 4, 7] -  tempo: 589
[0, 1, 3, 2, 5, 7, 8, 9, 4, 6] -  tempo: 594
[0, 4, 5, 1, 2, 3, 9, 6, 7, 8] -  tempo: 596
[0, 4, 8, 5, 2, 7, 3, 1, 6, 9] -  tempo: 594
[0, 5, 9, 1, 6, 8, 3, 2, 4, 7] -  tempo: 595
[0, 2, 5, 3, 1, 8, 4, 9, 6, 7] -  tempo: 585
[0, 8, 4, 6, 7, 2, 1, 3, 5, 9] -  tempo: 591
[0, 7, 6, 4, 2, 3, 1, 8, 5, 9] -  tempo: 582
[0, 8, 2, 5, 3, 4, 7, 1, 6, 9] -  tempo: 602
[0, 7, 2, 1, 6, 5, 3, 8, 4, 9] -  tempo: 589
[0, 3, 6, 1, 9, 4, 2, 8, 7, 5] -  tempo: 612
[0, 1, 5, 2, 3, 9, 7, 6, 8, 4] -  tempo: 585
[0, 1, 2, 6, 4, 7, 9, 3, 5, 8] -  tempo: 588
[0, 1, 4, 7, 2, 8, 9, 6, 5, 3] -  tempo: 631
[0, 6, 2, 1, 9, 4, 7, 3, 5, 8] -  tempo: 597
[0, 3, 2, 4, 9, 6, 1, 7, 5, 8] -  tempo: 604
[0, 1, 3, 6, 2, 4, 5, 7, 8, 9] -  tempo: 592
[0, 1, 4, 3, 7, 2, 5, 8, 9, 6] -  tempo: 595
[0, 2, 5, 4, 6, 8, 1, 7, 9, 3] -  tempo: 589
[0, 1, 7, 2, 3, 5, 4, 9, 8, 6] -  tempo: 585
[0, 1, 8, 2, 4, 3, 6, 9, 7, 5] -  tempo: 587
[0, 1, 8, 7, 9, 4, 3, 6, 2, 5] -  tempo: 590
[0, 2, 7, 4, 6, 1, 8, 3, 5, 9] -  tempo: 589
[0, 6, 8, 2, 5, 9, 3, 1, 4, 7] -  tempo: 586
[0, 7, 6, 2, 8, 5, 4, 1, 3, 9] -  tempo: 589
[0, 3, 5, 2, 6, 8, 4, 9, 1, 7] -  tempo: 587
[0, 2, 8, 6, 1, 3, 7, 4, 5, 9] -  tempo: 617
[0, 1, 3, 2, 5, 9, 6, 8, 7, 4] -  tempo: 591
[0, 5, 6, 8, 1, 4, 3, 2, 7, 9] -  tempo: 580
[0, 3, 7, 1, 8, 9, 2, 5, 6, 4] -  tempo: 575
[0, 5, 9, 4, 2, 3, 8, 6, 1, 7] -  tempo: 580
[0, 7, 5, 2, 6, 1, 3, 4, 9, 8] -  tempo: 575
[0, 2, 3, 6, 5, 4, 1, 9, 8, 7] -  tempo: 580
[0, 7, 2, 6, 5, 3, 4, 8, 1, 9] -  tempo: 585
[0, 6, 5, 4, 8, 3, 9, 2, 1, 7] -  tempo: 584
[0, 1, 2, 6, 9, 3, 4, 8, 7, 5] -  tempo: 586
[0, 2, 9, 3, 8, 1, 4, 5, 7, 6] -  tempo: 588
[0, 4, 8, 9, 6, 5, 2, 1, 3, 7] -  tempo: 588
[0, 6, 2, 7, 4, 5, 1, 3, 8, 9] -  tempo: 589
[0, 1, 6, 2, 7, 8, 4, 9, 5, 3] -  tempo: 588
[0, 1, 3, 2, 4, 6, 7, 5, 8, 9] -  tempo: 587
[0, 1, 6, 9, 3, 8, 5, 7, 2, 4] -  tempo: 589
[0, 1, 3, 4, 2, 6, 5, 9, 7, 8] -  tempo: 604
[0, 2, 7, 6, 9, 1, 3, 5, 8, 4] -  tempo: 587
[0, 7, 1, 5, 6, 3, 4, 2, 8, 9] -  tempo: 585
[0, 6, 4, 2, 9, 3, 5, 7, 1, 8] -  tempo: 587
[0, 1, 4, 2, 8, 3, 6, 7, 5, 9] -  tempo: 591
[0, 8, 1, 5, 3, 7, 4, 2, 6, 9] -  tempo: 591
[0, 3, 6, 8, 4, 1, 7, 9, 2, 5] -  tempo: 592
[0, 3, 9, 5, 6, 2, 1, 7, 8, 4] -  tempo: 591
[0, 1, 2, 4, 9, 5, 8, 3, 6, 7] -  tempo: 586
[0, 1, 6, 5, 3, 2, 9, 8, 4, 7] -  tempo: 587
[0, 1, 5, 4, 3, 6, 7, 2, 9, 8] -  tempo: 589
[0, 3, 4, 2, 6, 7, 5, 9, 1, 8] -  tempo: 587
[0, 4, 3, 1, 6, 9, 2, 7, 8, 5] -  tempo: 589
[0, 2, 5, 9, 4, 7, 1, 3, 6, 8] -  tempo: 588
[0, 1, 6, 5, 9, 3, 2, 7, 4, 8] -  tempo: 589
[0, 1, 4, 3, 7, 8, 9, 6, 2, 5] -  tempo: 592
[0, 4, 8, 1, 6, 7, 5, 2, 3, 9] -  tempo: 588
[0, 7, 5, 8, 3, 6, 2, 1, 4, 9] -  tempo: 587
[0, 3, 4, 8, 5, 2, 7, 9, 1, 6] -  tempo: 589
[0, 3, 7, 4, 2, 1, 5, 6, 9, 8] -  tempo: 592
[0, 4, 8, 2, 5, 3, 7, 1, 6, 9] -  tempo: 588
[0, 1, 9, 6, 8, 7, 2, 4, 5, 3] -  tempo: 585
[0, 5, 3, 1, 6, 7, 2, 8, 4, 9] -  tempo: 593
[0, 6, 7, 9, 3, 1, 5, 2, 4, 8] -  tempo: 585
[0, 4, 9, 6, 3, 1, 2, 5, 7, 8] -  tempo: 582
[0, 1, 9, 2, 4, 8, 6, 5, 3, 7] -  tempo: 606
[0, 1, 9, 3, 2, 6, 4, 8, 5, 7] -  tempo: 617
[0, 2, 7, 5, 8, 3, 1, 4, 6, 9] -  tempo: 585
[0, 6, 1, 4, 5, 7, 8, 2, 3, 9] -  tempo: 581
[0, 2, 9, 4, 5, 3, 6, 8, 1, 7] -  tempo: 583
[0, 7, 8, 2, 4, 3, 5, 1, 6, 9] -  tempo: 589
[0, 4, 2, 7, 5, 9, 1, 3, 8, 6] -  tempo: 588
[0, 4, 3, 8, 5, 2, 9, 6, 1, 7] -  tempo: 584
[0, 6, 3, 1, 5, 8, 4, 9, 2, 7] -  tempo: 582
[0, 2, 3, 7, 1, 4, 9, 6, 5, 8] -  tempo: 582
[0, 1, 5, 8, 6, 9, 3, 4, 7, 2] -  tempo: 577
[0, 2, 7, 9, 3, 8, 4, 1, 5, 6] -  tempo: 579
[0, 1, 9, 7, 2, 3, 5, 8, 4, 6] -  tempo: 579
[0, 3, 9, 8, 5, 6, 2, 4, 1, 7] -  tempo: 577
[0, 5, 6, 8, 4, 1, 2, 3, 7, 9] -  tempo: 579
[0, 2, 4, 5, 8, 6, 1, 3, 9, 7] -  tempo: 590
[0, 1, 7, 6, 3, 4, 9, 5, 2, 8] -  tempo: 597
[0, 3, 6, 2, 4, 7, 5, 1, 9, 8] -  tempo: 598
[0, 2, 9, 7, 6, 3, 8, 4, 1, 5] -  tempo: 580
[0, 3, 5, 9, 4, 2, 8, 7, 1, 6] -  tempo: 587
[0, 3, 6, 2, 5, 8, 1, 7, 4, 9] -  tempo: 579
[0, 2, 6, 9, 3, 1, 5, 4, 7, 8] -  tempo: 582
[0, 5, 4, 1, 8, 9, 2, 6, 3, 7] -  tempo: 584
[0, 3, 2, 7, 6, 1, 9, 8, 5, 4] -  tempo: 589
[0, 5, 2, 4, 6, 8, 3, 1, 7, 9] -  tempo: 608
[0, 3, 7, 1, 8, 9, 5, 6, 2, 4] -  tempo: 586
[0, 1, 5, 4, 2, 3, 9, 8, 6, 7] -  tempo: 593
[0, 2, 1, 7, 6, 3, 5, 4, 8, 9] -  tempo: 585
[0, 1, 7, 2, 5, 3, 6, 9, 8, 4] -  tempo: 594
[0, 4, 3, 2, 9, 8, 6, 1, 5, 7] -  tempo: 615
[0, 1, 4, 5, 3, 9, 6, 8, 7, 2] -  tempo: 601
[0, 2, 3, 1, 9, 5, 7, 6, 8, 4] -  tempo: 585
[0, 1, 3, 2, 9, 6, 7, 8, 4, 5] -  tempo: 590
[0, 3, 6, 8, 1, 5, 9, 4, 2, 7] -  tempo: 596
[0, 2, 1, 8, 5, 4, 7, 3, 6, 9] -  tempo: 590
[0, 6, 3, 4, 2, 9, 7, 5, 1, 8] -  tempo: 582
[0, 6, 4, 8, 3, 1, 7, 2, 5, 9] -  tempo: 587
[0, 1, 3, 5, 4, 9, 6, 8, 7, 2] -  tempo: 584
[0, 6, 4, 1, 7, 9, 3, 2, 5, 8] -  tempo: 573
[0, 2, 7, 6, 5, 4, 3, 1, 8, 9] -  tempo: 573
[0, 1, 4, 5, 6, 9, 7, 2, 3, 8] -  tempo: 589
[0, 3, 9, 7, 1, 5, 8, 2, 4, 6] -  tempo: 585
[0, 6, 3, 5, 1, 8, 2, 4, 9, 7] -  tempo: 574
[0, 3, 5, 4, 2, 1, 8, 9, 7, 6] -  tempo: 592
[0, 2, 4, 6, 7, 9, 3, 1, 8, 5] -  tempo: 588
[0, 2, 5, 7, 4, 3, 9, 1, 8, 6] -  tempo: 589
[0, 5, 1, 4, 6, 9, 7, 3, 2, 8] -  tempo: 591
[0, 3, 5, 7, 4, 2, 6, 1, 9, 8] -  tempo: 592
[0, 1, 6, 9, 7, 2, 3, 5, 8, 4] -  tempo: 591
[0, 2, 4, 1, 8, 3, 5, 9, 6, 7] -  tempo: 596
[0, 4, 3, 6, 8, 5, 1, 2, 9, 7] -  tempo: 592
[0, 2, 7, 1, 5, 8, 3, 9, 6, 4] -  tempo: 590
[0, 1, 6, 8, 7, 3, 2, 9, 5, 4] -  tempo: 590
[0, 1, 8, 3, 9, 6, 2, 7, 5, 4] -  tempo: 589
[0, 1, 5, 9, 8, 6, 3, 7, 2, 4] -  tempo: 581
[0, 1, 3, 6, 5, 4, 7, 8, 2, 9] -  tempo: 585
[0, 7, 1, 4, 3, 2, 6, 8, 5, 9] -  tempo: 574
[0, 2, 7, 1, 3, 8, 9, 4, 5, 6] -  tempo: 577
[0, 3, 4, 2, 8, 9, 7, 5, 1, 6] -  tempo: 574
[0, 2, 3, 1, 6, 5, 4, 9, 8, 7] -  tempo: 591
[0, 3, 9, 6, 2, 7, 4, 1, 8, 5] -  tempo: 582
[0, 4, 6, 7, 9, 3, 2, 1, 5, 8] -  tempo: 578
[0, 3, 4, 1, 8, 6, 2, 7, 9, 5] -  tempo: 575
[0, 1, 6, 8, 5, 2, 9, 4, 7, 3] -  tempo: 588
[0, 3, 7, 8, 2, 6, 4, 1, 5, 9] -  tempo: 584
[0, 2, 3, 5, 6, 4, 9, 7, 1, 8] -  tempo: 577
[0, 3, 1, 5, 7, 9, 2, 4, 6, 8] -  tempo: 572
[0, 8, 4, 1, 6, 2, 3, 7, 5, 9] -  tempo: 591
[0, 1, 5, 4, 2, 3, 9, 8, 6, 7] -  tempo: 583
[0, 1, 9, 7, 2, 3, 4, 6, 5, 8] -  tempo: 578
[0, 1, 2, 6, 7, 9, 8, 4, 3, 5] -  tempo: 582
[0, 4, 2, 7, 8, 6, 1, 9, 3, 5] -  tempo: 582
[0, 5, 6, 3, 9, 1, 4, 2, 8, 7] -  tempo: 578
[0, 1, 3, 9, 2, 7, 8, 4, 5, 6] -  tempo: 578
[0, 3, 8, 2, 7, 6, 1, 5, 9, 4] -  tempo: 578
[0, 5, 3, 4, 2, 7, 1, 6, 8, 9] -  tempo: 576
[0, 2, 6, 4, 8, 3, 9, 7, 1, 5] -  tempo: 578
[0, 5, 3, 7, 8, 4, 1, 6, 2, 9] -  tempo: 577
[0, 5, 3, 8, 9, 4, 2, 7, 1, 6] -  tempo: 575
[0, 6, 4, 3, 1, 7, 5, 9, 2, 8] -  tempo: 576
[0, 5, 1, 2, 8, 6, 4, 3, 7, 9] -  tempo: 577
[0, 6, 1, 2, 5, 4, 3, 9, 8, 7] -  tempo: 581
[0, 5, 8, 4, 1, 2, 7, 9, 3, 6] -  tempo: 580
[0, 3, 8, 7, 2, 1, 4, 5, 6, 9] -  tempo: 574
[0, 1, 7, 8, 5, 6, 9, 3, 4, 2] -  tempo: 582
[0, 2, 5, 9, 3, 4, 6, 1, 7, 8] -  tempo: 579
[0, 4, 8, 6, 3, 9, 2, 7, 1, 5] -  tempo: 578
[0, 4, 2, 7, 6, 8, 5, 3, 1, 9] -  tempo: 580
[0, 5, 1, 3, 8, 9, 7, 2, 4, 6] -  tempo: 577
[0, 3, 5, 7, 8, 9, 1, 2, 4, 6] -  tempo: 583
[0, 1, 8, 6, 5, 3, 4, 2, 7, 9] -  tempo: 576
[0, 3, 4, 2, 1, 6, 7, 5, 9, 8] -  tempo: 582
[0, 3, 8, 7, 2, 6, 1, 4, 5, 9] -  tempo: 574
[0, 7, 2, 5, 1, 4, 8, 3, 6, 9] -  tempo: 589
[0, 2, 7, 5, 9, 1, 4, 8, 3, 6] -  tempo: 582
[0, 5, 3, 1, 2, 6, 9, 4, 8, 7] -  tempo: 580
[0, 3, 8, 4, 7, 1, 5, 9, 2, 6] -  tempo: 583
[0, 2, 3, 1, 8, 4, 6, 7, 9, 5] -  tempo: 576
[0, 1, 8, 9, 4, 2, 5, 3, 7, 6] -  tempo: 579
[0, 2, 3, 7, 4, 6, 1, 8, 5, 9] -  tempo: 587
[0, 1, 4, 6, 7, 2, 8, 3, 9, 5] -  tempo: 578
[0, 1, 5, 2, 8, 4, 7, 6, 9, 3] -  tempo: 578
[0, 5, 1, 8, 2, 3, 4, 6, 7, 9] -  tempo: 576
[0, 5, 8, 3, 4, 9, 2, 1, 6, 7] -  tempo: 578
[0, 5, 8, 2, 4, 7, 1, 3, 6, 9] -  tempo: 577
[0, 2, 8, 6, 7, 9, 1, 3, 5, 4] -  tempo: 579
[0, 1, 9, 2, 6, 4, 5, 3, 7, 8] -  tempo: 578
[0, 7, 2, 1, 6, 5, 4, 3, 9, 8] -  tempo: 577
[0, 6, 4, 9, 8, 2, 3, 5, 1, 7] -  tempo: 576
[0, 1, 5, 7, 2, 4, 8, 3, 9, 6] -  tempo: 575
[0, 6, 1, 7, 5, 4, 3, 9, 2, 8] -  tempo: 575
[0, 3, 8, 6, 1, 4, 5, 2, 7, 9] -  tempo: 575
[0, 2, 3, 6, 8, 1, 5, 4, 7, 9] -  tempo: 577
[0, 7, 6, 4, 8, 2, 5, 1, 3, 9] -  tempo: 577
[0, 7, 1, 5, 4, 2, 3, 8, 6, 9] -  tempo: 580
[0, 2, 5, 7, 1, 8, 4, 3, 9, 6] -  tempo: 576
[0, 1, 6, 5, 2, 9, 4, 8, 3, 7] -  tempo: 585
[0, 6, 2, 8, 1, 5, 3, 9, 4, 7] -  tempo: 582
[0, 4, 2, 3, 9, 1, 8, 7, 6, 5] -  tempo: 579
[0, 5, 7, 2, 4, 6, 3, 1, 9, 8] -  tempo: 579
[0, 5, 4, 6, 8, 2, 3, 1, 9, 7] -  tempo: 578
[0, 2, 4, 3, 6, 9, 5, 1, 7, 8] -  tempo: 585
[0, 5, 1, 7, 9, 8, 2, 4, 3, 6] -  tempo: 580
[0, 8, 2, 5, 7, 4, 1, 3, 6, 9] -  tempo: 587
[0, 5, 1, 9, 7, 3, 6, 2, 4, 8] -  tempo: 589
[0, 7, 9, 1, 5, 2, 4, 6, 3, 8] -  tempo: 583
[0, 2, 5, 4, 6, 1, 3, 8, 7, 9] -  tempo: 581
[0, 4, 1, 9, 6, 8, 3, 7, 2, 5] -  tempo: 583
[0, 4, 3, 8, 6, 5, 1, 7, 2, 9] -  tempo: 586
[0, 5, 3, 1, 7, 4, 8, 2, 9, 6] -  tempo: 581
[0, 4, 5, 2, 7, 1, 6, 3, 8, 9] -  tempo: 588
[0, 1, 3, 7, 4, 9, 8, 6, 2, 5] -  tempo: 586
[0, 1, 8, 5, 2, 4, 9, 3, 7, 6] -  tempo: 588
[0, 2, 4, 9, 5, 1, 3, 7, 6, 8] -  tempo: 586
[0, 5, 1, 9, 2, 4, 6, 7, 3, 8] -  tempo: 580
[0, 6, 2, 9, 1, 3, 5, 8, 4, 7] -  tempo: 578
[0, 6, 9, 3, 1, 2, 4, 7, 5, 8] -  tempo: 581
[0, 2, 6, 5, 7, 4, 3, 1, 9, 8] -  tempo: 581
[0, 6, 2, 3, 7, 5, 1, 9, 4, 8] -  tempo: 582
[0, 6, 5, 9, 2, 1, 7, 3, 4, 8] -  tempo: 584
[0, 1, 6, 2, 7, 4, 8, 3, 5, 9] -  tempo: 589
[0, 5, 4, 2, 3, 9, 6, 7, 1, 8] -  tempo: 584
[0, 4, 9, 2, 6, 8, 1, 7, 3, 5] -  tempo: 582
[0, 1, 8, 9, 5, 2, 6, 4, 3, 7] -  tempo: 585
[0, 6, 1, 2, 8, 3, 7, 4, 5, 9] -  tempo: 582
[0, 3, 6, 1, 4, 2, 8, 5, 9, 7] -  tempo: 583
[0, 1, 8, 5, 3, 4, 6, 9, 2, 7] -  tempo: 579
[0, 3, 4, 5, 8, 7, 1, 2, 6, 9] -  tempo: 580
[0, 1, 4, 2, 3, 8, 5, 7, 6, 9] -  tempo: 576
[0, 1, 4, 2, 9, 3, 6, 5, 7, 8] -  tempo: 576
[0, 6, 3, 4, 2, 1, 5, 8, 9, 7] -  tempo: 577
[0, 1, 5, 3, 2, 7, 6, 9, 4, 8] -  tempo: 577
[0, 2, 1, 8, 7, 3, 9, 5, 6, 4] -  tempo: 578
[0, 5, 6, 7, 2, 4, 3, 1, 9, 8] -  tempo: 584
[0, 2, 7, 6, 4, 8, 9, 1, 5, 3] -  tempo: 576
[0, 5, 3, 8, 4, 6, 1, 9, 2, 7] -  tempo: 586
[0, 3, 1, 8, 7, 4, 9, 5, 2, 6] -  tempo: 586
[0, 4, 7, 1, 3, 9, 5, 6, 2, 8] -  tempo: 578
[0, 3, 1, 6, 4, 2, 5, 8, 9, 7] -  tempo: 576
[0, 5, 2, 1, 3, 4, 9, 7, 6, 8] -  tempo: 576
[0, 8, 6, 1, 2, 3, 5, 4, 7, 9] -  tempo: 579
[0, 1, 8, 3, 5, 7, 9, 2, 6, 4] -  tempo: 576
[0, 5, 2, 1, 3, 7, 4, 6, 8, 9] -  tempo: 578
[0, 1, 5, 2, 6, 9, 3, 8, 4, 7] -  tempo: 576
[0, 4, 9, 8, 1, 3, 2, 6, 7, 5] -  tempo: 578
[0, 5, 3, 4, 7, 9, 1, 2, 6, 8] -  tempo: 575
[0, 1, 6, 4, 3, 7, 5, 9, 2, 8] -  tempo: 581
[0, 2, 6, 3, 7, 9, 5, 4, 1, 8] -  tempo: 579
[0, 5, 3, 4, 6, 8, 1, 7, 2, 9] -  tempo: 576
[0, 8, 2, 4, 6, 3, 1, 7, 5, 9] -  tempo: 586
[0, 2, 3, 8, 1, 6, 7, 9, 4, 5] -  tempo: 582
[0, 1, 8, 3, 7, 2, 4, 5, 6, 9] -  tempo: 578
[0, 4, 2, 7, 6, 8, 5, 1, 3, 9] -  tempo: 576
[0, 4, 1, 3, 2, 8, 6, 5, 9, 7] -  tempo: 578
[0, 3, 9, 5, 2, 1, 8, 7, 6, 4] -  tempo: 579
[0, 3, 8, 5, 1, 2, 4, 6, 9, 7] -  tempo: 578
[0, 6, 5, 1, 8, 7, 3, 4, 2, 9] -  tempo: 576
[0, 3, 6, 9, 4, 2, 7, 1, 5, 8] -  tempo: 580
[0, 1, 7, 9, 4, 8, 6, 3, 5, 2] -  tempo: 574
[0, 3, 5, 9, 2, 8, 1, 4, 6, 7] -  tempo: 581
[0, 3, 1, 5, 2, 7, 6, 9, 8, 4] -  tempo: 578
[0, 2, 4, 1, 3, 8, 5, 9, 6, 7] -  tempo: 575
[0, 2, 3, 6, 8, 5, 7, 4, 1, 9] -  tempo: 580
[0, 6, 4, 7, 1, 3, 2, 9, 5, 8] -  tempo: 575
[0, 3, 1, 8, 2, 6, 7, 4, 9, 5] -  tempo: 576
[0, 3, 7, 2, 4, 8, 5, 9, 1, 6] -  tempo: 578
[0, 2, 5, 3, 6, 1, 9, 7, 8, 4] -  tempo: 574
[0, 8, 5, 3, 6, 1, 2, 7, 4, 9] -  tempo: 577
[0, 5, 8, 2, 4, 6, 1, 7, 3, 9] -  tempo: 576
[0, 1, 2, 6, 9, 7, 8, 3, 4, 5] -  tempo: 578
[0, 1, 7, 8, 3, 2, 9, 5, 6, 4] -  tempo: 578
[0, 4, 6, 1, 2, 7, 3, 5, 8, 9] -  tempo: 575
[0, 1, 3, 8, 4, 2, 5, 9, 7, 6] -  tempo: 576
[0, 4, 6, 3, 5, 2, 8, 9, 1, 7] -  tempo: 575
[0, 4, 8, 6, 1, 9, 3, 2, 7, 5] -  tempo: 576
[0, 4, 1, 5, 8, 6, 9, 3, 2, 7] -  tempo: 577
[0, 3, 9, 5, 4, 7, 8, 2, 1, 6] -  tempo: 577
[0, 1, 3, 8, 2, 6, 5, 7, 9, 4] -  tempo: 578
[0, 1, 9, 8, 4, 2, 6, 5, 7, 3] -  tempo: 578
[0, 2, 4, 7, 3, 6, 1, 9, 8, 5] -  tempo: 578
[0, 3, 2, 6, 7, 5, 9, 8, 1, 4] -  tempo: 577
[0, 1, 3, 6, 5, 7, 8, 4, 9, 2] -  tempo: 578
[0, 2, 8, 7, 1, 6, 4, 5, 9, 3] -  tempo: 577
[0, 3, 8, 1, 7, 4, 5, 9, 2, 6] -  tempo: 578
[0, 2, 3, 9, 1, 8, 4, 6, 5, 7] -  tempo: 577
[0, 2, 6, 8, 7, 9, 5, 1, 3, 4] -  tempo: 578
[0, 1, 6, 2, 3, 4, 7, 9, 8, 5] -  tempo: 574
[0, 6, 5, 3, 2, 9, 1, 7, 4, 8] -  tempo: 577
[0, 1, 8, 7, 3, 6, 2, 5, 4, 9] -  tempo: 578
[0, 1, 9, 8, 7, 3, 2, 6, 5, 4] -  tempo: 577
[0, 4, 1, 9, 6, 7, 2, 3, 5, 8] -  tempo: 576
[0, 4, 3, 8, 2, 1, 5, 6, 7, 9] -  tempo: 576
[0, 2, 6, 3, 5, 8, 9, 1, 7, 4] -  tempo: 577
[0, 7, 4, 5, 3, 2, 9, 6, 1, 8] -  tempo: 577
[0, 4, 5, 6, 3, 1, 8, 9, 2, 7] -  tempo: 578
[0, 4, 7, 8, 3, 6, 9, 1, 2, 5] -  tempo: 578
[0, 2, 3, 9, 5, 4, 1, 8, 6, 7] -  tempo: 577
[0, 2, 9, 1, 5, 8, 4, 7, 6, 3] -  tempo: 577
[0, 5, 8, 3, 1, 2, 7, 4, 9, 6] -  tempo: 573
[0, 1, 2, 6, 9, 3, 8, 7, 4, 5] -  tempo: 576
[0, 1, 2, 5, 3, 6, 9, 8, 4, 7] -  tempo: 576
[0, 7, 2, 1, 6, 4, 3, 8, 5, 9] -  tempo: 576
[0, 5, 1, 9, 8, 3, 2, 6, 4, 7] -  tempo: 579
[0, 2, 5, 7, 6, 1, 3, 9, 8, 4] -  tempo: 577
[0, 1, 5, 8, 2, 3, 4, 6, 9, 7] -  tempo: 574
[0, 4, 5, 3, 1, 6, 8, 9, 2, 7] -  tempo: 581
[0, 4, 1, 2, 6, 3, 7, 8, 5, 9] -  tempo: 578
[0, 6, 5, 1, 7, 3, 2, 9, 4, 8] -  tempo: 581
[0, 1, 9, 6, 5, 4, 2, 8, 7, 3] -  tempo: 578
[0, 1, 3, 9, 2, 5, 6, 7, 8, 4] -  tempo: 580
[0, 6, 8, 7, 5, 3, 1, 2, 4, 9] -  tempo: 577
[0, 2, 3, 6, 8, 5, 9, 7, 1, 4] -  tempo: 579
[0, 2, 1, 6, 5, 7, 4, 3, 8, 9] -  tempo: 576
[0, 5, 9, 4, 2, 8, 6, 1, 3, 7] -  tempo: 579
[0, 2, 8, 3, 6, 1, 9, 4, 7, 5] -  tempo: 578
[0, 4, 2, 5, 6, 3, 7, 1, 9, 8] -  tempo: 576
[0, 6, 1, 4, 8, 5, 2, 7, 3, 9] -  tempo: 579
[0, 8, 3, 7, 6, 4, 5, 2, 1, 9] -  tempo: 577
[0, 5, 1, 4, 3, 8, 6, 7, 2, 9] -  tempo: 578
[0, 6, 3, 4, 2, 7, 5, 1, 9, 8] -  tempo: 577
[0, 1, 5, 3, 4, 6, 9, 2, 7, 8] -  tempo: 577
[0, 5, 4, 1, 9, 7, 3, 6, 2, 8] -  tempo: 578
[0, 4, 6, 3, 2, 9, 8, 1, 7, 5] -  tempo: 578
[0, 1, 2, 4, 9, 6, 5, 8, 7, 3] -  tempo: 587
[0, 2, 1, 5, 4, 3, 8, 7, 9, 6] -  tempo: 576
[0, 2, 7, 9, 1, 3, 8, 5, 4, 6] -  tempo: 575
[0, 2, 4, 7, 1, 8, 9, 3, 5, 6] -  tempo: 577
[0, 6, 5, 4, 1, 2, 9, 7, 3, 8] -  tempo: 579
[0, 5, 7, 9, 2, 1, 6, 3, 4, 8] -  tempo: 583
[0, 1, 7, 3, 5, 4, 6, 9, 8, 2] -  tempo: 578
[0, 4, 1, 5, 9, 2, 7, 3, 8, 6] -  tempo: 575
[0, 4, 3, 5, 9, 2, 1, 7, 6, 8] -  tempo: 576
[0, 4, 8, 7, 3, 1, 2, 5, 6, 9] -  tempo: 574
[0, 3, 1, 5, 4, 6, 2, 7, 9, 8] -  tempo: 578
[0, 1, 9, 6, 4, 8, 3, 2, 5, 7] -  tempo: 579
[0, 1, 2, 6, 5, 9, 8, 3, 7, 4] -  tempo: 581
[0, 2, 8, 3, 7, 5, 4, 9, 1, 6] -  tempo: 579
[0, 1, 4, 2, 9, 8, 3, 5, 6, 7] -  tempo: 577
[0, 6, 7, 9, 2, 4, 1, 3, 5, 8] -  tempo: 576
[0, 7, 2, 5, 1, 4, 3, 6, 8, 9] -  tempo: 580
[0, 1, 3, 2, 4, 7, 8, 6, 5, 9] -  tempo: 578
[0, 1, 6, 8, 4, 2, 3, 7, 5, 9] -  tempo: 574
[0, 3, 2, 4, 1, 6, 9, 5, 8, 7] -  tempo: 573
[0, 2, 1, 4, 8, 5, 3, 6, 7, 9] -  tempo: 574
[0, 7, 1, 3, 5, 2, 4, 9, 6, 8] -  tempo: 576
[0, 6, 2, 9, 4, 5, 7, 1, 3, 8] -  tempo: 576
[0, 5, 9, 7, 8, 2, 1, 3, 4, 6] -  tempo: 575
[0, 3, 2, 5, 4, 1, 8, 7, 6, 9] -  tempo: 576
[0, 3, 6, 1, 4, 2, 8, 5, 7, 9] -  tempo: 577
[0, 1, 6, 3, 2, 5, 4, 7, 9, 8] -  tempo: 575
[0, 8, 3, 5, 4, 1, 2, 6, 7, 9] -  tempo: 573
[0, 3, 9, 8, 4, 2, 6, 7, 1, 5] -  tempo: 575
[0, 2, 8, 3, 1, 7, 6, 4, 9, 5] -  tempo: 577
[0, 1, 6, 5, 7, 4, 9, 3, 8, 2] -  tempo: 578
[0, 4, 1, 6, 9, 8, 3, 2, 5, 7] -  tempo: 581
[0, 3, 9, 4, 6, 2, 5, 1, 8, 7] -  tempo: 576
[0, 6, 5, 4, 1, 8, 3, 7, 2, 9] -  tempo: 577
[0, 6, 9, 8, 5, 2, 3, 1, 4, 7] -  tempo: 577
[0, 4, 5, 2, 8, 9, 6, 1, 3, 7] -  tempo: 575
[0, 3, 6, 9, 5, 7, 4, 1, 2, 8] -  tempo: 576
[0, 3, 6, 2, 9, 5, 7, 8, 1, 4] -  tempo: 578
[0, 4, 5, 9, 6, 8, 2, 1, 3, 7] -  tempo: 580
[0, 2, 9, 8, 1, 3, 6, 4, 7, 5] -  tempo: 579
[0, 4, 1, 9, 3, 6, 8, 2, 5, 7] -  tempo: 577
[0, 7, 5, 8, 2, 3, 6, 4, 1, 9] -  tempo: 575
[0, 2, 3, 5, 9, 7, 1, 4, 6, 8] -  tempo: 576
[0, 7, 5, 2, 3, 8, 4, 6, 1, 9] -  tempo: 578
[0, 2, 8, 1, 9, 6, 5, 7, 4, 3] -  tempo: 579
[0, 2, 6, 1, 3, 9, 7, 4, 5, 8] -  tempo: 576
[0, 4, 2, 3, 5, 6, 1, 7, 8, 9] -  tempo: 577
[0, 1, 2, 5, 3, 6, 8, 9, 4, 7] -  tempo: 584
[0, 2, 1, 8, 6, 7, 4, 9, 5, 3] -  tempo: 580
[0, 5, 2, 1, 4, 3, 7, 9, 6, 8] -  tempo: 578
[0, 2, 1, 7, 6, 3, 9, 8, 4, 5] -  tempo: 576
[0, 2, 9, 1, 5, 6, 3, 4, 8, 7] -  tempo: 578
[0, 3, 1, 7, 2, 5, 4, 8, 6, 9] -  tempo: 576
[0, 2, 1, 4, 3, 8, 7, 5, 6, 9] -  tempo: 575
[0, 6, 1, 3, 4, 7, 5, 2, 8, 9] -  tempo: 574
[0, 1, 4, 3, 6, 5, 9, 2, 8, 7] -  tempo: 575
[0, 1, 7, 5, 2, 6, 8, 3, 9, 4] -  tempo: 578
[0, 2, 7, 5, 9, 8, 6, 4, 1, 3] -  tempo: 581
[0, 1, 9, 5, 4, 2, 8, 3, 7, 6] -  tempo: 575
[0, 4, 5, 3, 7, 2, 1, 9, 8, 6] -  tempo: 578
[0, 2, 6, 9, 1, 3, 7, 8, 4, 5] -  tempo: 578
[0, 3, 1, 2, 8, 6, 7, 9, 5, 4] -  tempo: 574
[0, 4, 2, 9, 8, 1, 7, 3, 5, 6] -  tempo: 579
[0, 2, 1, 6, 5, 9, 4, 8, 7, 3] -  tempo: 579
[0, 1, 9, 6, 5, 4, 8, 2, 3, 7] -  tempo: 578
[0, 4, 1, 8, 9, 5, 7, 2, 3, 6] -  tempo: 577
[0, 2, 9, 5, 7, 6, 4, 1, 3, 8] -  tempo: 579
[0, 4, 6, 5, 2, 1, 7, 9, 3, 8] -  tempo: 575
[0, 1, 2, 5, 7, 3, 6, 4, 9, 8] -  tempo: 581
[0, 1, 4, 5, 8, 7, 3, 6, 9, 2] -  tempo: 577
[0, 5, 6, 1, 9, 2, 4, 7, 3, 8] -  tempo: 581
[0, 5, 3, 7, 2, 8, 1, 9, 4, 6] -  tempo: 576
[0, 2, 4, 3, 1, 6, 9, 8, 5, 7] -  tempo: 582
[0, 1, 2, 9, 5, 8, 4, 6, 3, 7] -  tempo: 574
[0, 5, 2, 4, 1, 6, 7, 8, 3, 9] -  tempo: 580
[0, 1, 2, 6, 8, 9, 5, 3, 7, 4] -  tempo: 577
[0, 5, 4, 2, 7, 3, 1, 8, 6, 9] -  tempo: 579
[0, 1, 4, 8, 3, 5, 7, 9, 2, 6] -  tempo: 577
[0, 1, 9, 5, 8, 3, 4, 6, 2, 7] -  tempo: 581
[0, 8, 7, 3, 2, 1, 4, 5, 6, 9] -  tempo: 576
[0, 6, 2, 7, 1, 5, 3, 8, 4, 9] -  tempo: 578
[0, 3, 1, 4, 9, 8, 7, 2, 5, 6] -  tempo: 577
[0, 3, 5, 7, 8, 2, 1, 6, 9, 4] -  tempo: 576
[0, 1, 2, 6, 3, 9, 5, 4, 7, 8] -  tempo: 580
[0, 4, 8, 5, 2, 7, 3, 6, 1, 9] -  tempo: 576
[0, 2, 8, 3, 4, 1, 6, 9, 5, 7] -  tempo: 576
[0, 5, 1, 3, 2, 8, 6, 7, 4, 9] -  tempo: 617
[0, 5, 1, 2, 6, 4, 8, 3, 9, 7] -  tempo: 588
[0, 1, 2, 8, 9, 3, 7, 4, 5, 6] -  tempo: 584
[0, 6, 3, 5, 4, 7, 8, 1, 2, 9] -  tempo: 576
[0, 4, 6, 9, 2, 8, 5, 3, 1, 7] -  tempo: 579
[0, 1, 3, 6, 4, 5, 9, 8, 7, 2] -  tempo: 574
[0, 1, 3, 8, 2, 7, 5, 9, 4, 6] -  tempo: 576
[0, 7, 8, 5, 4, 6, 1, 3, 2, 9] -  tempo: 576
[0, 5, 2, 1, 4, 8, 7, 3, 9, 6] -  tempo: 576
[0, 1, 7, 3, 9, 6, 4, 2, 5, 8] -  tempo: 580
[0, 4, 2, 3, 8, 1, 6, 7, 5, 9] -  tempo: 577
[0, 7, 3, 2, 6, 9, 5, 4, 1, 8] -  tempo: 578
[0, 2, 6, 1, 3, 5, 7, 8, 9, 4] -  tempo: 577
[0, 1, 5, 9, 4, 7, 3, 2, 8, 6] -  tempo: 575
[0, 4, 9, 8, 3, 5, 2, 1, 6, 7] -  tempo: 578
[0, 3, 4, 7, 2, 6, 1, 9, 5, 8] -  tempo: 579
[0, 2, 4, 5, 8, 7, 1, 9, 3, 6] -  tempo: 577
[0, 5, 1, 3, 4, 9, 2, 7, 8, 6] -  tempo: 576
[0, 1, 7, 2, 8, 4, 3, 6, 5, 9] -  tempo: 580
[0, 3, 2, 7, 5, 4, 8, 1, 9, 6] -  tempo: 580
[0, 4, 3, 1, 5, 8, 2, 7, 6, 9] -  tempo: 589
[0, 5, 3, 4, 7, 2, 8, 9, 1, 6] -  tempo: 579
[0, 2, 8, 4, 1, 3, 7, 9, 6, 5] -  tempo: 579
[0, 2, 1, 4, 3, 8, 6, 9, 7, 5] -  tempo: 579
[0, 6, 3, 2, 1, 5, 4, 7, 8, 9] -  tempo: 574
[0, 1, 2, 3, 6, 8, 7, 5, 9, 4] -  tempo: 576
[0, 4, 8, 1, 6, 7, 3, 2, 9, 5] -  tempo: 577
[0, 6, 4, 8, 5, 2, 3, 9, 1, 7] -  tempo: 578
[0, 1, 9, 6, 8, 5, 3, 7, 2, 4] -  tempo: 583
[0, 1, 9, 3, 5, 4, 7, 2, 8, 6] -  tempo: 576
[0, 4, 9, 3, 6, 5, 2, 7, 1, 8] -  tempo: 577
[0, 1, 6, 7, 3, 2, 4, 8, 9, 5] -  tempo: 577
[0, 1, 7, 6, 9, 4, 3, 2, 5, 8] -  tempo: 577
[0, 7, 3, 2, 1, 8, 4, 5, 6, 9] -  tempo: 575
[0, 4, 5, 2, 9, 1, 8, 3, 6, 7] -  tempo: 585
[0, 2, 5, 3, 7, 6, 1, 8, 4, 9] -  tempo: 577
[0, 3, 4, 5, 1, 6, 9, 2, 8, 7] -  tempo: 583
[0, 2, 6, 8, 1, 7, 5, 3, 9, 4] -  tempo: 584
[0, 8, 1, 5, 6, 3, 2, 4, 7, 9] -  tempo: 577
[0, 2, 7, 1, 4, 5, 9, 6, 8, 3] -  tempo: 578
[0, 6, 1, 9, 8, 2, 5, 3, 4, 7] -  tempo: 580
[0, 1, 7, 4, 3, 5, 8, 9, 2, 6] -  tempo: 578
[0, 2, 1, 5, 6, 7, 4, 3, 8, 9] -  tempo: 578
[0, 2, 9, 8, 1, 4, 5, 6, 7, 3] -  tempo: 592
[0, 1, 4, 3, 6, 2, 5, 8, 7, 9] -  tempo: 585
[0, 2, 1, 3, 9, 8, 4, 7, 6, 5] -  tempo: 577
[0, 6, 3, 2, 1, 7, 4, 5, 8, 9] -  tempo: 580
[0, 6, 3, 9, 1, 4, 5, 8, 2, 7] -  tempo: 582
[0, 6, 8, 4, 5, 3, 1, 2, 7, 9] -  tempo: 583
[0, 5, 3, 1, 6, 4, 8, 2, 9, 7] -  tempo: 579
[0, 2, 3, 7, 6, 4, 8, 9, 1, 5] -  tempo: 576
[0, 1, 7, 3, 4, 8, 5, 9, 6, 2] -  tempo: 578
[0, 7, 8, 4, 2, 1, 6, 3, 5, 9] -  tempo: 578
[0, 1, 9, 5, 8, 3, 4, 2, 7, 6] -  tempo: 580
[0, 4, 2, 6, 1, 5, 8, 9, 3, 7] -  tempo: 576
[0, 1, 8, 5, 7, 4, 3, 2, 9, 6] -  tempo: 576
[0, 3, 8, 4, 2, 9, 7, 5, 1, 6] -  tempo: 615
[0, 3, 6, 2, 5, 8, 4, 1, 7, 9] -  tempo: 576
[0, 3, 8, 1, 5, 9, 4, 7, 2, 6] -  tempo: 584
[0, 1, 6, 3, 9, 7, 5, 4, 8, 2] -  tempo: 585
[0, 7, 5, 3, 6, 9, 4, 1, 2, 8] -  tempo: 577
[0, 5, 9, 8, 3, 2, 1, 7, 4, 6] -  tempo: 579
[0, 4, 3, 2, 1, 6, 9, 8, 5, 7] -  tempo: 578
[0, 4, 6, 9, 1, 3, 2, 8, 7, 5] -  tempo: 579
[0, 4, 3, 8, 6, 2, 9, 5, 1, 7] -  tempo: 579
[0, 1, 4, 8, 2, 6, 7, 9, 5, 3] -  tempo: 589
[0, 8, 2, 6, 4, 3, 7, 1, 5, 9] -  tempo: 581
[0, 3, 1, 7, 2, 5, 8, 9, 6, 4] -  tempo: 575
[0, 5, 8, 9, 1, 7, 4, 3, 2, 6] -  tempo: 576
[0, 3, 1, 7, 2, 6, 9, 5, 4, 8] -  tempo: 574
[0, 4, 1, 3, 7, 5, 2, 8, 9, 6] -  tempo: 578
[0, 1, 2, 9, 8, 3, 7, 4, 6, 5] -  tempo: 576
[0, 5, 9, 4, 1, 3, 7, 2, 8, 6] -  tempo: 578
[0, 3, 6, 5, 1, 8, 7, 2, 4, 9] -  tempo: 577
[0, 1, 6, 7, 9, 4, 5, 3, 8, 2] -  tempo: 577
[0, 7, 6, 3, 8, 5, 1, 4, 2, 9] -  tempo: 577
[0, 2, 8, 4, 1, 6, 7, 5, 9, 3] -  tempo: 576
[0, 4, 5, 3, 2, 9, 1, 8, 6, 7] -  tempo: 577
[0, 5, 9, 7, 3, 2, 1, 4, 6, 8] -  tempo: 580
[0, 8, 5, 4, 1, 7, 2, 3, 6, 9] -  tempo: 576
[0, 1, 9, 6, 2, 7, 3, 4, 5, 8] -  tempo: 588
[0, 5, 1, 2, 3, 4, 8, 9, 6, 7] -  tempo: 592
[0, 7, 6, 4, 3, 1, 2, 5, 8, 9] -  tempo: 588
[0, 6, 2, 8, 1, 4, 7, 3, 5, 9] -  tempo: 582
[0, 3, 8, 2, 5, 6, 7, 1, 4, 9] -  tempo: 588
[0, 2, 5, 9, 7, 1, 6, 4, 3, 8] -  tempo: 586
[0, 1, 8, 4, 6, 2, 5, 9, 3, 7] -  tempo: 586
[0, 1, 6, 2, 9, 4, 8, 3, 5, 7] -  tempo: 589
[0, 5, 2, 8, 6, 1, 4, 9, 3, 7] -  tempo: 584
[0, 3, 7, 4, 9, 2, 1, 5, 8, 6] -  tempo: 592
[0, 4, 2, 1, 6, 8, 5, 3, 9, 7] -  tempo: 596
[0, 8, 1, 7, 6, 2, 5, 4, 3, 9] -  tempo: 595
[0, 3, 2, 1, 6, 4, 9, 5, 7, 8] -  tempo: 589
[0, 3, 1, 4, 6, 2, 7, 9, 8, 5] -  tempo: 582
[0, 4, 3, 7, 5, 8, 9, 1, 2, 6] -  tempo: 585
[0, 1, 4, 7, 6, 9, 5, 8, 3, 2] -  tempo: 586
[0, 4, 5, 3, 6, 8, 2, 1, 9, 7] -  tempo: 592
[0, 2, 3, 5, 8, 7, 1, 4, 6, 9] -  tempo: 584
[0, 5, 9, 1, 3, 2, 4, 6, 7, 8] -  tempo: 584
[0, 4, 6, 8, 5, 3, 1, 7, 2, 9] -  tempo: 582
[0, 4, 6, 3, 7, 2, 8, 5, 1, 9] -  tempo: 582
[0, 1, 7, 8, 6, 3, 9, 4, 2, 5] -  tempo: 583
[0, 1, 2, 9, 5, 8, 4, 3, 7, 6] -  tempo: 582
[0, 3, 1, 8, 7, 2, 5, 4, 9, 6] -  tempo: 596
[0, 5, 3, 2, 4, 8, 1, 6, 7, 9] -  tempo: 589
[0, 7, 2, 9, 4, 5, 3, 1, 6, 8] -  tempo: 581
[0, 1, 2, 4, 7, 6, 5, 8, 3, 9] -  tempo: 588
[0, 2, 1, 4, 8, 3, 6, 5, 9, 7] -  tempo: 599
[0, 3, 5, 1, 9, 4, 6, 2, 7, 8] -  tempo: 582
[0, 7, 5, 9, 2, 3, 4, 1, 6, 8] -  tempo: 582
[0, 4, 6, 7, 3, 1, 9, 2, 8, 5] -  tempo: 578
[0, 1, 8, 2, 3, 5, 6, 4, 9, 7] -  tempo: 575
[0, 1, 7, 8, 9, 4, 6, 3, 5, 2] -  tempo: 577
[0, 4, 8, 3, 9, 7, 1, 5, 2, 6] -  tempo: 580
[0, 5, 3, 4, 8, 6, 2, 1, 9, 7] -  tempo: 579
[0, 1, 7, 3, 6, 4, 5, 8, 2, 9] -  tempo: 583
[0, 6, 9, 5, 2, 7, 3, 1, 4, 8] -  tempo: 584
[0, 8, 5, 1, 3, 7, 2, 6, 4, 9] -  tempo: 578
[0, 1, 9, 7, 5, 6, 8, 4, 3, 2] -  tempo: 578
[0, 3, 2, 4, 5, 1, 6, 7, 9, 8] -  tempo: 581
[0, 4, 6, 1, 8, 3, 7, 2, 9, 5] -  tempo: 580
[0, 1, 9, 2, 6, 5, 3, 7, 8, 4] -  tempo: 586
[0, 3, 1, 6, 7, 9, 2, 8, 4, 5] -  tempo: 578
[0, 7, 1, 3, 2, 9, 4, 5, 6, 8] -  tempo: 578
[0, 1, 7, 8, 3, 9, 5, 4, 2, 6] -  tempo: 574
[0, 6, 5, 4, 1, 2, 7, 8, 3, 9] -  tempo: 578
[0, 3, 5, 9, 4, 2, 7, 6, 1, 8] -  tempo: 580
[0, 1, 3, 7, 4, 6, 2, 8, 9, 5] -  tempo: 579
[0, 7, 6, 3, 8, 2, 4, 1, 5, 9] -  tempo: 578
[0, 1, 2, 3, 6, 4, 7, 9, 5, 8] -  tempo: 576
[0, 3, 4, 2, 7, 1, 8, 5, 9, 6] -  tempo: 615
[0, 1, 2, 9, 8, 5, 7, 4, 3, 6] -  tempo: 599
[0, 4, 3, 5, 8, 9, 2, 6, 1, 7] -  tempo: 616
[0, 2, 6, 8, 9, 3, 1, 5, 4, 7] -  tempo: 578
[0, 1, 5, 2, 8, 7, 3, 4, 6, 9] -  tempo: 579
[0, 7, 5, 6, 3, 8, 2, 1, 4, 9] -  tempo: 576
[0, 6, 2, 9, 3, 5, 7, 4, 1, 8] -  tempo: 577
[0, 6, 2, 3, 8, 4, 5, 1, 7, 9] -  tempo: 588
[0, 5, 4, 6, 8, 2, 7, 3, 1, 9] -  tempo: 583
[0, 6, 5, 4, 1, 8, 3, 9, 2, 7] -  tempo: 578
[0, 4, 5, 2, 3, 7, 1, 9, 8, 6] -  tempo: 580
[0, 6, 5, 7, 9, 4, 2, 1, 3, 8] -  tempo: 576
[0, 2, 5, 6, 1, 7, 9, 3, 4, 8] -  tempo: 577
[0, 3, 1, 8, 4, 5, 6, 9, 2, 7] -  tempo: 580
[0, 7, 1, 3, 5, 2, 9, 4, 6, 8] -  tempo: 578
[0, 1, 6, 3, 9, 4, 8, 7, 5, 2] -  tempo: 577
[0, 1, 5, 9, 7, 3, 2, 6, 4, 8] -  tempo: 580
[0, 1, 8, 5, 6, 9, 3, 2, 7, 4] -  tempo: 580
[0, 3, 6, 7, 9, 2, 4, 8, 1, 5] -  tempo: 576
[0, 3, 9, 6, 5, 2, 4, 7, 1, 8] -  tempo: 576
[0, 1, 9, 5, 2, 8, 7, 6, 3, 4] -  tempo: 579
[0, 6, 7, 1, 9, 4, 3, 2, 5, 8] -  tempo: 580
[0, 7, 6, 4, 1, 2, 5, 9, 3, 8] -  tempo: 578
[0, 7, 2, 8, 1, 3, 5, 4, 6, 9] -  tempo: 580
[0, 5, 8, 9, 2, 7, 4, 3, 1, 6] -  tempo: 578
[0, 1, 9, 2, 3, 5, 6, 7, 4, 8] -  tempo: 622
[0, 1, 5, 7, 9, 8, 6, 4, 3, 2] -  tempo: 582
[0, 5, 9, 3, 2, 1, 4, 8, 6, 7] -  tempo: 580
[0, 2, 6, 1, 7, 8, 3, 4, 9, 5] -  tempo: 578
[0, 5, 1, 3, 6, 2, 8, 4, 7, 9] -  tempo: 579
[0, 1, 7, 2, 3, 4, 8, 6, 5, 9] -  tempo: 576
[0, 5, 4, 7, 1, 8, 9, 3, 2, 6] -  tempo: 578
[0, 4, 3, 8, 7, 9, 2, 1, 6, 5] -  tempo: 579
[0, 3, 7, 8, 5, 2, 9, 1, 6, 4] -  tempo: 580
[0, 2, 7, 4, 3, 8, 6, 9, 1, 5] -  tempo: 587
[0, 1, 3, 8, 9, 7, 5, 4, 6, 2] -  tempo: 579
[0, 5, 6, 3, 4, 1, 9, 2, 7, 8] -  tempo: 618
[0, 3, 2, 4, 7, 8, 1, 9, 5, 6] -  tempo: 575
[0, 4, 3, 9, 8, 1, 6, 7, 2, 5] -  tempo: 581
[0, 4, 8, 9, 2, 3, 6, 7, 1, 5] -  tempo: 580
[0, 6, 3, 2, 7, 5, 4, 9, 1, 8] -  tempo: 586
[0, 4, 1, 9, 8, 5, 3, 2, 6, 7] -  tempo: 593
[0, 1, 9, 8, 5, 4, 7, 6, 3, 2] -  tempo: 583
[0, 2, 5, 6, 1, 4, 3, 8, 9, 7] -  tempo: 581
[0, 4, 1, 3, 5, 9, 6, 2, 7, 8] -  tempo: 583
[0, 3, 1, 4, 2, 8, 9, 5, 6, 7] -  tempo: 582
[0, 2, 1, 7, 6, 3, 8, 4, 5, 9] -  tempo: 583
[0, 1, 4, 9, 6, 8, 5, 2, 3, 7] -  tempo: 587
[0, 4, 1, 3, 7, 5, 2, 8, 6, 9] -  tempo: 588
[0, 2, 5, 7, 9, 3, 4, 6, 1, 8] -  tempo: 579
[0, 3, 1, 2, 4, 8, 6, 9, 5, 7] -  tempo: 579
[0, 2, 7, 4, 8, 5, 3, 1, 9, 6] -  tempo: 583
[0, 7, 2, 6, 1, 4, 5, 8, 3, 9] -  tempo: 578
[0, 1, 8, 6, 7, 2, 9, 4, 3, 5] -  tempo: 585
[0, 3, 1, 9, 7, 2, 6, 8, 4, 5] -  tempo: 586
[0, 2, 4, 3, 8, 9, 1, 6, 7, 5] -  tempo: 582
[0, 4, 3, 6, 7, 8, 9, 2, 1, 5] -  tempo: 585
[0, 1, 9, 2, 8, 7, 5, 4, 6, 3] -  tempo: 583
[0, 1, 9, 6, 5, 3, 7, 2, 8, 4] -  tempo: 581
[0, 3, 7, 5, 2, 9, 8, 1, 6, 4] -  tempo: 581
[0, 1, 8, 5, 7, 3, 4, 2, 6, 9] -  tempo: 579
[0, 1, 6, 7, 3, 9, 4, 8, 5, 2] -  tempo: 580
[0, 5, 3, 8, 6, 4, 7, 2, 1, 9] -  tempo: 577
[0, 2, 4, 3, 8, 5, 6, 1, 9, 7] -  tempo: 580
[0, 6, 4, 2, 9, 5, 3, 8, 1, 7] -  tempo: 580
[0, 3, 2, 6, 1, 5, 4, 7, 9, 8] -  tempo: 580
[0, 7, 5, 1, 4, 3, 8, 2, 6, 9] -  tempo: 577
[0, 1, 3, 9, 8, 7, 5, 4, 2, 6] -  tempo: 576
[0, 2, 5, 7, 9, 1, 6, 3, 4, 8] -  tempo: 580
[0, 4, 2, 9, 3, 7, 1, 6, 5, 8] -  tempo: 577
[0, 1, 6, 3, 7, 9, 4, 5, 8, 2] -  tempo: 579
[0, 4, 8, 3, 1, 6, 9, 5, 2, 7] -  tempo: 579
[0, 5, 3, 4, 8, 2, 1, 6, 9, 7] -  tempo: 576
[0, 1, 9, 2, 7, 3, 8, 4, 5, 6] -  tempo: 577
[0, 5, 8, 9, 2, 1, 7, 3, 4, 6] -  tempo: 578
[0, 2, 1, 9, 5, 6, 8, 7, 4, 3] -  tempo: 577
[0, 2, 9, 8, 5, 3, 7, 1, 4, 6] -  tempo: 583
[0, 1, 6, 3, 9, 2, 4, 8, 7, 5] -  tempo: 578
[0, 1, 9, 3, 6, 5, 2, 4, 7, 8] -  tempo: 577
[0, 2, 5, 8, 7, 9, 1, 6, 4, 3] -  tempo: 574
[0, 1, 6, 4, 5, 8, 9, 3, 2, 7] -  tempo: 575
[0, 7, 6, 2, 3, 4, 1, 5, 9, 8] -  tempo: 578
[0, 6, 2, 1, 3, 9, 4, 5, 8, 7] -  tempo: 579
[0, 5, 6, 4, 1, 3, 7, 8, 2, 9] -  tempo: 577
[0, 4, 6, 3, 1, 9, 2, 5, 7, 8] -  tempo: 575
[0, 3, 1, 5, 6, 8, 2, 7, 9, 4] -  tempo: 575
[0, 2, 3, 1, 4, 9, 5, 6, 8, 7] -  tempo: 576
[0, 1, 6, 8, 4, 7, 3, 2, 9, 5] -  tempo: 575
[0, 6, 5, 9, 2, 3, 4, 7, 1, 8] -  tempo: 578
[0, 7, 5, 1, 6, 8, 4, 2, 3, 9] -  tempo: 578
[0, 3, 1, 2, 5, 6, 9, 8, 4, 7] -  tempo: 576
[0, 3, 2, 8, 7, 4, 6, 5, 1, 9] -  tempo: 578
[0, 3, 4, 1, 9, 5, 7, 2, 8, 6] -  tempo: 576
[0, 3, 4, 5, 9, 8, 7, 2, 1, 6] -  tempo: 576
[0, 1, 6, 8, 7, 9, 4, 5, 2, 3] -  tempo: 577
[0, 5, 4, 7, 9, 3, 8, 1, 2, 6] -  tempo: 579
[0, 1, 2, 9, 6, 7, 4, 8, 3, 5] -  tempo: 575
[0, 1, 3, 2, 9, 8, 5, 7, 4, 6] -  tempo: 576
[0, 2, 8, 5, 4, 1, 9, 7, 3, 6] -  tempo: 575
[0, 1, 3, 2, 8, 4, 9, 6, 7, 5] -  tempo: 576
[0, 3, 4, 5, 2, 7, 1, 9, 8, 6] -  tempo: 578
[0, 2, 4, 6, 9, 1, 7, 8, 3, 5] -  tempo: 576
[0, 6, 4, 7, 8, 5, 1, 2, 3, 9] -  tempo: 579
[0, 3, 5, 9, 4, 1, 8, 2, 6, 7] -  tempo: 580
[0, 2, 1, 6, 3, 8, 4, 7, 5, 9] -  tempo: 577
[0, 5, 1, 7, 4, 6, 2, 3, 9, 8] -  tempo: 576
[0, 6, 8, 9, 3, 2, 1, 4, 5, 7] -  tempo: 577
[0, 2, 5, 8, 3, 9, 7, 6, 1, 4] -  tempo: 576
[0, 1, 6, 9, 5, 2, 4, 7, 8, 3] -  tempo: 609
[0, 2, 8, 7, 1, 9, 6, 3, 5, 4] -  tempo: 578
[0, 4, 6, 9, 8, 7, 1, 2, 3, 5] -  tempo: 588
[0, 2, 6, 5, 8, 9, 7, 1, 4, 3] -  tempo: 579
[0, 1, 3, 8, 5, 4, 9, 2, 6, 7] -  tempo: 576
[0, 2, 1, 3, 8, 6, 4, 7, 9, 5] -  tempo: 579
[0, 7, 4, 3, 6, 1, 8, 2, 5, 9] -  tempo: 576
[0, 3, 1, 9, 4, 2, 5, 8, 6, 7] -  tempo: 578
[0, 2, 4, 7, 8, 9, 5, 3, 1, 6] -  tempo: 578
[0, 1, 5, 3, 2, 8, 4, 9, 6, 7] -  tempo: 576
[0, 1, 7, 6, 3, 8, 9, 4, 2, 5] -  tempo: 574
[0, 1, 8, 4, 2, 6, 9, 5, 3, 7] -  tempo: 574
[0, 4, 3, 2, 6, 1, 9, 8, 5, 7] -  tempo: 577
[0, 1, 5, 8, 3, 2, 7, 4, 6, 9] -  tempo: 584
[0, 4, 5, 3, 8, 9, 2, 1, 6, 7] -  tempo: 587
[0, 5, 2, 7, 1, 6, 4, 3, 8, 9] -  tempo: 576
[0, 2, 6, 3, 1, 9, 7, 8, 5, 4] -  tempo: 574
[0, 2, 6, 5, 4, 3, 8, 1, 9, 7] -  tempo: 577
[0, 1, 3, 4, 9, 8, 2, 5, 6, 7] -  tempo: 578
[0, 3, 7, 1, 5, 2, 8, 6, 9, 4] -  tempo: 579
[0, 2, 1, 6, 7, 9, 8, 5, 4, 3] -  tempo: 581
[0, 2, 9, 4, 1, 5, 6, 8, 7, 3] -  tempo: 578
[0, 1, 3, 5, 4, 6, 9, 7, 8, 2] -  tempo: 574
[0, 3, 4, 9, 1, 2, 6, 5, 8, 7] -  tempo: 579
[0, 1, 7, 9, 3, 2, 5, 4, 8, 6] -  tempo: 591
[0, 7, 3, 2, 8, 1, 6, 5, 4, 9] -  tempo: 586
[0, 2, 4, 5, 8, 9, 7, 3, 1, 6] -  tempo: 586
[0, 2, 1, 9, 3, 6, 5, 8, 4, 7] -  tempo: 581
[0, 5, 2, 4, 7, 1, 9, 3, 6, 8] -  tempo: 580
[0, 3, 5, 4, 8, 2, 6, 1, 7, 9] -  tempo: 581
[0, 1, 4, 3, 7, 9, 8, 5, 2, 6] -  tempo: 587
[0, 1, 6, 3, 4, 5, 2, 9, 8, 7] -  tempo: 590
[0, 6, 3, 1, 5, 8, 7, 4, 2, 9] -  tempo: 584
[0, 3, 4, 6, 2, 5, 9, 1, 8, 7] -  tempo: 579
[0, 1, 5, 9, 2, 4, 6, 7, 8, 3] -  tempo: 580
[0, 1, 4, 2, 3, 9, 7, 8, 6, 5] -  tempo: 582
[0, 5, 6, 4, 3, 2, 7, 1, 9, 8] -  tempo: 580
[0, 2, 8, 7, 5, 1, 9, 6, 4, 3] -  tempo: 580
[0, 1, 2, 8, 3, 6, 7, 5, 9, 4] -  tempo: 583
[0, 6, 9, 4, 3, 5, 8, 2, 1, 7] -  tempo: 578
[0, 4, 6, 3, 5, 9, 1, 7, 2, 8] -  tempo: 581
[0, 5, 2, 4, 9, 6, 3, 8, 1, 7] -  tempo: 580
[0, 1, 8, 6, 4, 5, 2, 9, 7, 3] -  tempo: 580
[0, 3, 7, 2, 9, 5, 1, 6, 4, 8] -  tempo: 581
[0, 1, 7, 8, 2, 5, 4, 9, 3, 6] -  tempo: 582
[0, 1, 6, 4, 8, 7, 2, 9, 3, 5] -  tempo: 581
[0, 3, 1, 7, 4, 5, 9, 6, 2, 8] -  tempo: 578
[0, 3, 1, 7, 2, 9, 5, 6, 8, 4] -  tempo: 578
[0, 2, 9, 6, 1, 4, 8, 5, 3, 7] -  tempo: 577
[0, 1, 6, 8, 3, 9, 7, 2, 5, 4] -  tempo: 579
[0, 3, 1, 5, 6, 8, 2, 7, 4, 9] -  tempo: 578
[0, 1, 9, 5, 4, 6, 3, 7, 8, 2] -  tempo: 579
[0, 4, 5, 3, 1, 7, 9, 2, 8, 6] -  tempo: 580
[0, 6, 5, 8, 3, 4, 9, 2, 1, 7] -  tempo: 575
[0, 4, 7, 6, 1, 2, 8, 3, 9, 5] -  tempo: 578
[0, 4, 3, 1, 8, 5, 6, 9, 2, 7] -  tempo: 576
[0, 5, 1, 6, 8, 7, 2, 3, 4, 9] -  tempo: 578
[0, 1, 9, 5, 8, 2, 7, 6, 3, 4] -  tempo: 577
[0, 7, 5, 1, 6, 2, 4, 3, 8, 9] -  tempo: 584
[0, 7, 1, 2, 6, 9, 5, 3, 4, 8] -  tempo: 582
[0, 2, 8, 1, 5, 7, 6, 9, 3, 4] -  tempo: 584
[0, 3, 1, 2, 8, 5, 9, 7, 6, 4] -  tempo: 578
[0, 2, 1, 5, 7, 8, 9, 3, 6, 4] -  tempo: 578
[0, 3, 8, 2, 7, 5, 9, 1, 4, 6] -  tempo: 577
[0, 1, 9, 5, 8, 4, 2, 3, 7, 6] -  tempo: 578
[0, 3, 6, 7, 5, 1, 2, 9, 4, 8] -  tempo: 578
[0, 1, 9, 7, 3, 6, 5, 2, 4, 8] -  tempo: 578
[0, 1, 6, 5, 4, 2, 3, 9, 7, 8] -  tempo: 578
[0, 4, 7, 5, 6, 8, 1, 2, 3, 9] -  tempo: 577
[0, 3, 9, 7, 8, 6, 4, 2, 1, 5] -  tempo: 580
[0, 1, 2, 3, 7, 5, 9, 4, 6, 8] -  tempo: 581
[0, 5, 2, 1, 9, 3, 6, 4, 8, 7] -  tempo: 577
[0, 1, 6, 3, 4, 9, 7, 5, 8, 2] -  tempo: 608
[0, 5, 1, 6, 3, 2, 8, 4, 7, 9] -  tempo: 577
[0, 8, 3, 4, 1, 6, 5, 2, 7, 9] -  tempo: 577
[0, 3, 1, 2, 7, 5, 8, 6, 4, 9] -  tempo: 575
[0, 2, 7, 3, 9, 4, 1, 5, 8, 6] -  tempo: 580
[0, 4, 2, 5, 3, 9, 1, 6, 7, 8] -  tempo: 577
[0, 1, 2, 5, 7, 4, 8, 6, 9, 3] -  tempo: 577
[0, 3, 8, 1, 4, 9, 5, 7, 2, 6] -  tempo: 575
[0, 2, 3, 8, 4, 1, 9, 6, 5, 7] -  tempo: 575
[0, 2, 9, 7, 3, 1, 6, 8, 5, 4] -  tempo: 578
[0, 1, 2, 5, 3, 7, 6, 4, 9, 8] -  tempo: 578
[0, 1, 7, 4, 3, 5, 8, 9, 2, 6] -  tempo: 578
[0, 1, 3, 5, 6, 9, 8, 2, 7, 4] -  tempo: 577
[0, 7, 2, 5, 8, 4, 6, 3, 1, 9] -  tempo: 581
[0, 1, 4, 8, 6, 5, 9, 3, 2, 7] -  tempo: 577
[0, 2, 1, 9, 5, 7, 6, 3, 8, 4] -  tempo: 579
[0, 1, 7, 3, 5, 6, 2, 4, 8, 9] -  tempo: 578
[0, 4, 6, 8, 3, 7, 1, 2, 9, 5] -  tempo: 579
[0, 2, 8, 1, 9, 5, 6, 3, 7, 4] -  tempo: 580
[0, 1, 4, 9, 5, 2, 8, 3, 7, 6] -  tempo: 577
[0, 7, 8, 5, 4, 2, 6, 1, 3, 9] -  tempo: 577
[0, 6, 3, 2, 4, 5, 8, 7, 1, 9] -  tempo: 577
[0, 8, 4, 3, 6, 5, 7, 2, 1, 9] -  tempo: 578
[0, 5, 3, 1, 2, 8, 6, 4, 7, 9] -  tempo: 580
[0, 1, 8, 7, 6, 2, 4, 9, 5, 3] -  tempo: 576
[0, 1, 2, 3, 4, 5, 8, 7, 9, 6] -  tempo: 575
[0, 1, 4, 9, 7, 5, 3, 2, 8, 6] -  tempo: 579
[0, 2, 1, 4, 6, 7, 5, 8, 3, 9] -  tempo: 576
[0, 4, 7, 2, 3, 5, 1, 6, 8, 9] -  tempo: 577
[0, 2, 8, 9, 7, 5, 1, 3, 6, 4] -  tempo: 576
[0, 1, 9, 3, 5, 4, 8, 2, 7, 6] -  tempo: 593
[0, 1, 6, 9, 3, 4, 2, 5, 8, 7] -  tempo: 578
[0, 2, 6, 4, 1, 5, 3, 8, 9, 7] -  tempo: 611
[0, 3, 9, 8, 2, 7, 5, 6, 1, 4] -  tempo: 583
[0, 1, 6, 5, 8, 2, 9, 7, 4, 3] -  tempo: 581
[0, 3, 8, 6, 5, 2, 7, 4, 1, 9] -  tempo: 578
[0, 7, 3, 4, 6, 2, 5, 9, 1, 8] -  tempo: 576
[0, 4, 8, 7, 9, 3, 2, 1, 6, 5] -  tempo: 578
[0, 3, 5, 2, 1, 6, 7, 8, 9, 4] -  tempo: 579
[0, 3, 1, 9, 2, 5, 7, 6, 8, 4] -  tempo: 578
[0, 3, 7, 4, 1, 2, 8, 5, 9, 6] -  tempo: 580
[0, 1, 7, 2, 3, 5, 4, 6, 9, 8] -  tempo: 576
[0, 1, 8, 6, 5, 3, 7, 2, 4, 9] -  tempo: 575
[0, 4, 7, 9, 5, 6, 2, 3, 1, 8] -  tempo: 579
[0, 4, 1, 7, 6, 8, 5, 3, 2, 9] -  tempo: 577
[0, 1, 6, 7, 8, 5, 4, 3, 2, 9] -  tempo: 577
[0, 1, 7, 4, 2, 3, 8, 9, 5, 6] -  tempo: 577
[0, 5, 2, 6, 1, 3, 7, 8, 4, 9] -  tempo: 579
[0, 3, 2, 1, 9, 7, 6, 5, 4, 8] -  tempo: 578
[0, 1, 3, 6, 2, 9, 8, 5, 7, 4] -  tempo: 581
[0, 4, 3, 7, 5, 6, 9, 1, 2, 8] -  tempo: 576
[0, 3, 8, 4, 9, 6, 1, 7, 2, 5] -  tempo: 576
[0, 2, 3, 7, 5, 8, 1, 9, 4, 6] -  tempo: 578
[0, 2, 8, 3, 1, 4, 9, 5, 7, 6] -  tempo: 575
[0, 1, 2, 9, 7, 3, 4, 8, 5, 6] -  tempo: 576
[0, 5, 7, 3, 2, 4, 9, 6, 1, 8] -  tempo: 577
[0, 5, 4, 3, 2, 1, 7, 6, 9, 8] -  tempo: 578
[0, 2, 4, 5, 8, 3, 1, 9, 6, 7] -  tempo: 578
[0, 1, 5, 3, 7, 6, 9, 8, 4, 2] -  tempo: 583
[0, 4, 9, 8, 2, 7, 3, 1, 6, 5] -  tempo: 578
[0, 6, 7, 8, 2, 5, 1, 3, 4, 9] -  tempo: 576
[0, 2, 6, 5, 7, 1, 4, 3, 8, 9] -  tempo: 580
[0, 4, 3, 6, 5, 1, 9, 8, 2, 7] -  tempo: 575
[0, 3, 9, 2, 6, 4, 7, 8, 1, 5] -  tempo: 576
[0, 2, 7, 1, 9, 8, 5, 4, 3, 6] -  tempo: 578
[0, 2, 1, 6, 5, 8, 7, 4, 3, 9] -  tempo: 576
[0, 6, 5, 1, 7, 2, 8, 3, 4, 9] -  tempo: 580
[0, 5, 4, 3, 2, 7, 9, 8, 1, 6] -  tempo: 575
[0, 1, 7, 5, 4, 9, 2, 6, 3, 8] -  tempo: 575
[0, 1, 3, 5, 8, 7, 2, 9, 4, 6] -  tempo: 576
[0, 3, 1, 6, 4, 9, 8, 2, 5, 7] -  tempo: 580
[0, 2, 7, 8, 9, 4, 5, 1, 6, 3] -  tempo: 578
[0, 2, 8, 6, 3, 7, 4, 9, 1, 5] -  tempo: 578
[0, 3, 7, 5, 8, 9, 2, 6, 1, 4] -  tempo: 575
[0, 1, 8, 3, 4, 6, 2, 5, 9, 7] -  tempo: 574
[0, 7, 5, 4, 3, 2, 8, 6, 1, 9] -  tempo: 577
[0, 2, 6, 8, 7, 1, 3, 5, 9, 4] -  tempo: 576
[0, 6, 8, 3, 2, 5, 4, 7, 1, 9] -  tempo: 577
[0, 8, 6, 3, 2, 4, 5, 1, 7, 9] -  tempo: 582
[0, 2, 3, 7, 5, 1, 9, 8, 6, 4] -  tempo: 579
[0, 5, 3, 4, 8, 2, 7, 1, 9, 6] -  tempo: 578
[0, 5, 8, 1, 4, 3, 9, 6, 2, 7] -  tempo: 575
[0, 5, 8, 4, 7, 2, 6, 3, 1, 9] -  tempo: 575
[0, 4, 3, 9, 5, 1, 2, 6, 8, 7] -  tempo: 576
[0, 8, 5, 6, 3, 4, 1, 2, 7, 9] -  tempo: 585
[0, 1, 4, 3, 6, 9, 5, 2, 7, 8] -  tempo: 579
[0, 1, 3, 4, 2, 5, 7, 8, 9, 6] -  tempo: 577
[0, 5, 2, 7, 8, 1, 3, 4, 9, 6] -  tempo: 578
[0, 1, 3, 4, 8, 5, 7, 6, 9, 2] -  tempo: 579
[0, 3, 2, 6, 9, 8, 4, 7, 1, 5] -  tempo: 575
[0, 2, 8, 9, 3, 6, 5, 7, 1, 4] -  tempo: 588
[0, 4, 6, 2, 1, 8, 9, 3, 7, 5] -  tempo: 576
[0, 6, 2, 1, 4, 9, 8, 3, 5, 7] -  tempo: 582
[0, 1, 2, 6, 9, 3, 4, 8, 5, 7] -  tempo: 618
[0, 7, 2, 4, 5, 1, 8, 3, 6, 9] -  tempo: 577
[0, 4, 1, 2, 6, 5, 7, 9, 3, 8] -  tempo: 577
[0, 6, 8, 9, 5, 3, 2, 4, 1, 7] -  tempo: 577
[0, 5, 7, 4, 2, 8, 3, 6, 1, 9] -  tempo: 576
[0, 3, 4, 1, 6, 8, 9, 2, 5, 7] -  tempo: 577
[0, 1, 4, 3, 5, 7, 2, 9, 8, 6] -  tempo: 576
[0, 4, 5, 3, 6, 7, 1, 9, 2, 8] -  tempo: 572
[0, 1, 6, 5, 7, 8, 3, 2, 9, 4] -  tempo: 575
[0, 1, 9, 8, 2, 7, 5, 6, 4, 3] -  tempo: 572
[0, 4, 5, 2, 1, 7, 9, 6, 3, 8] -  tempo: 588
[0, 1, 4, 9, 3, 5, 2, 6, 7, 8] -  tempo: 579
[0, 1, 9, 6, 2, 4, 5, 8, 7, 3] -  tempo: 578
[0, 1, 7, 8, 9, 6, 4, 2, 3, 5] -  tempo: 577
[0, 3, 8, 9, 2, 7, 5, 4, 1, 6] -  tempo: 577
[0, 3, 1, 2, 4, 5, 7, 8, 6, 9] -  tempo: 575
[0, 3, 5, 1, 2, 4, 8, 9, 7, 6] -  tempo: 580
[0, 6, 1, 5, 9, 3, 4, 2, 8, 7] -  tempo: 581
[0, 2, 3, 9, 8, 4, 1, 6, 7, 5] -  tempo: 574
[0, 4, 7, 3, 5, 8, 6, 2, 1, 9] -  tempo: 573
[0, 3, 5, 1, 9, 4, 2, 8, 7, 6] -  tempo: 576
[0, 2, 5, 6, 7, 3, 8, 9, 1, 4] -  tempo: 574
[0, 3, 9, 4, 8, 7, 2, 1, 5, 6] -  tempo: 574
[0, 6, 9, 8, 5, 3, 2, 1, 4, 7] -  tempo: 585
[0, 1, 3, 4, 9, 8, 7, 2, 6, 5] -  tempo: 578
[0, 1, 3, 4, 8, 5, 6, 9, 2, 7] -  tempo: 581
[0, 2, 7, 4, 9, 1, 8, 3, 6, 5] -  tempo: 578
[0, 1, 4, 3, 8, 7, 2, 9, 6, 5] -  tempo: 577
[0, 6, 4, 3, 5, 2, 9, 1, 8, 7] -  tempo: 576
[0, 6, 5, 7, 4, 8, 2, 1, 3, 9] -  tempo: 575
[0, 6, 4, 3, 7, 5, 1, 2, 9, 8] -  tempo: 577
[0, 3, 5, 6, 2, 1, 9, 4, 8, 7] -  tempo: 579
[0, 7, 3, 1, 2, 5, 6, 9, 4, 8] -  tempo: 576
[0, 5, 2, 7, 6, 1, 4, 3, 9, 8] -  tempo: 576
[0, 7, 4, 3, 6, 1, 5, 9, 2, 8] -  tempo: 577
[0, 3, 2, 8, 6, 1, 7, 9, 4, 5] -  tempo: 577
[0, 7, 1, 9, 5, 6, 3, 4, 2, 8] -  tempo: 577
[0, 2, 4, 7, 9, 5, 1, 6, 3, 8] -  tempo: 576
[0, 1, 2, 5, 8, 6, 3, 4, 7, 9] -  tempo: 581
[0, 5, 7, 1, 6, 4, 3, 9, 2, 8] -  tempo: 577
[0, 3, 4, 8, 1, 7, 2, 5, 6, 9] -  tempo: 575
[0, 7, 2, 3, 4, 8, 1, 5, 6, 9] -  tempo: 576
[0, 1, 3, 5, 6, 2, 8, 9, 7, 4] -  tempo: 578
[0, 3, 4, 6, 5, 2, 8, 7, 1, 9] -  tempo: 575
[0, 4, 5, 6, 3, 8, 2, 1, 7, 9] -  tempo: 587
[0, 1, 2, 4, 9, 6, 5, 3, 8, 7] -  tempo: 578
[0, 4, 1, 7, 6, 3, 8, 5, 2, 9] -  tempo: 576
[0, 5, 3, 2, 1, 6, 4, 7, 8, 9] -  tempo: 576
[0, 4, 9, 5, 6, 2, 1, 8, 3, 7] -  tempo: 576
[0, 5, 1, 3, 4, 9, 2, 7, 8, 6] -  tempo: 578
[0, 4, 2, 5, 6, 3, 8, 7, 1, 9] -  tempo: 575
[0, 7, 1, 6, 3, 2, 4, 8, 5, 9] -  tempo: 579
[0, 1, 2, 8, 6, 5, 9, 3, 4, 7] -  tempo: 577
[0, 5, 9, 6, 7, 3, 4, 1, 2, 8] -  tempo: 580
[0, 8, 5, 6, 2, 1, 3, 4, 7, 9] -  tempo: 582
[0, 1, 4, 3, 8, 9, 5, 7, 6, 2] -  tempo: 580
[0, 1, 8, 7, 4, 9, 2, 6, 5, 3] -  tempo: 577
[0, 5, 3, 6, 2, 7, 1, 4, 8, 9] -  tempo: 578
[0, 6, 4, 8, 9, 3, 1, 2, 5, 7] -  tempo: 580
[0, 2, 5, 6, 8, 1, 4, 9, 7, 3] -  tempo: 575
[0, 6, 5, 9, 1, 2, 7, 3, 4, 8] -  tempo: 577
[0, 3, 4, 9, 2, 5, 8, 1, 7, 6] -  tempo: 576
[0, 1, 5, 8, 2, 7, 4, 9, 6, 3] -  tempo: 580
[0, 8, 1, 7, 6, 2, 3, 4, 5, 9] -  tempo: 583
[0, 1, 9, 4, 5, 3, 7, 6, 8, 2] -  tempo: 576
[0, 2, 7, 3, 9, 4, 8, 1, 6, 5] -  tempo: 577
[0, 3, 9, 2, 8, 4, 5, 1, 7, 6] -  tempo: 576
[0, 1, 9, 6, 2, 8, 7, 4, 5, 3] -  tempo: 573
[0, 2, 6, 5, 8, 7, 3, 1, 9, 4] -  tempo: 578
[0, 1, 2, 3, 6, 7, 4, 8, 9, 5] -  tempo: 576
[0, 4, 5, 1, 2, 7, 8, 6, 3, 9] -  tempo: 577
[0, 1, 8, 7, 6, 3, 2, 4, 9, 5] -  tempo: 577
[0, 4, 5, 8, 3, 6, 7, 1, 2, 9] -  tempo: 577
[0, 2, 8, 9, 6, 3, 7, 5, 1, 4] -  tempo: 586
[0, 2, 1, 6, 3, 8, 5, 4, 7, 9] -  tempo: 627
[0, 3, 6, 4, 2, 1, 7, 8, 5, 9] -  tempo: 582
[0, 1, 9, 6, 3, 7, 8, 5, 2, 4] -  tempo: 578
[0, 3, 2, 9, 8, 7, 1, 6, 4, 5] -  tempo: 582
[0, 2, 5, 3, 4, 7, 6, 8, 1, 9] -  tempo: 579
[0, 2, 4, 5, 8, 1, 7, 6, 3, 9] -  tempo: 579
[0, 1, 5, 3, 4, 9, 7, 6, 2, 8] -  tempo: 588
[0, 2, 7, 3, 5, 8, 1, 9, 4, 6] -  tempo: 591
[0, 4, 6, 8, 3, 2, 9, 1, 5, 7] -  tempo: 578
[0, 3, 1, 5, 2, 8, 9, 6, 7, 4] -  tempo: 579
[0, 1, 7, 9, 4, 2, 5, 6, 3, 8] -  tempo: 587
[0, 4, 7, 3, 2, 5, 1, 8, 9, 6] -  tempo: 580
[0, 2, 6, 9, 5, 3, 7, 1, 4, 8] -  tempo: 581
[0, 1, 5, 3, 4, 2, 7, 8, 6, 9] -  tempo: 581
[0, 1, 9, 6, 3, 2, 7, 8, 5, 4] -  tempo: 577
[0, 4, 1, 5, 8, 9, 2, 3, 6, 7] -  tempo: 578
[0, 2, 1, 6, 7, 4, 8, 3, 9, 5] -  tempo: 577
[0, 1, 6, 8, 9, 7, 3, 4, 2, 5] -  tempo: 581
[0, 7, 1, 2, 4, 9, 5, 6, 3, 8] -  tempo: 579
[0, 1, 3, 2, 8, 5, 6, 7, 9, 4] -  tempo: 579
[0, 7, 3, 5, 2, 6, 1, 9, 4, 8] -  tempo: 579
[0, 3, 2, 8, 9, 5, 4, 1, 6, 7] -  tempo: 577
[0, 1, 4, 7, 5, 6, 8, 2, 3, 9] -  tempo: 576
[0, 5, 1, 6, 4, 7, 2, 9, 3, 8] -  tempo: 573
[0, 4, 9, 6, 2, 5, 8, 3, 1, 7] -  tempo: 573
[0, 1, 6, 7, 9, 2, 5, 8, 4, 3] -  tempo: 577
[0, 1, 6, 7, 9, 5, 3, 2, 8, 4] -  tempo: 576
[0, 4, 5, 3, 7, 9, 2, 8, 1, 6] -  tempo: 574
[0, 2, 1, 7, 5, 3, 4, 6, 8, 9] -  tempo: 574
[0, 5, 8, 9, 4, 2, 1, 6, 3, 7] -  tempo: 578
[0, 2, 4, 7, 1, 8, 9, 3, 5, 6] -  tempo: 578
[0, 5, 4, 7, 3, 6, 8, 2, 1, 9] -  tempo: 574
[0, 1, 5, 4, 7, 3, 9, 6, 8, 2] -  tempo: 578
[0, 6, 5, 7, 3, 8, 2, 1, 4, 9] -  tempo: 577
Tempo total medio de iteração: 581 millisegundos.