Guloso: [0, 3, 7, 4, 5, 2, 9, 1, 6, 8, 0] -  tempo: 34158
Guloso: [0, 1, 3, 7, 4, 5, 9, 2, 6, 8, 0] -  tempo: 21682
Guloso: [0, 5, 2, 1, 9, 8, 7, 3, 4, 6, 0] -  tempo: 28369
Guloso: [0, 4, 1, 7, 3, 5, 2, 8, 9, 6, 0] -  tempo: 9713
Guloso: [0, 3, 7, 1, 8, 2, 4, 9, 6, 5, 0] -  tempo: 29735
Guloso: [0, 4, 2, 9, 6, 3, 5, 8, 1, 7, 0] -  tempo: 30072
Guloso: [0, 3, 7, 1, 5, 9, 2, 4, 8, 6, 0] -  tempo: 37729
Guloso: [0, 2, 4, 3, 9, 8, 1, 5, 6, 7, 0] -  tempo: 9260
Guloso: [0, 4, 2, 3, 5, 9, 6, 7, 1, 8, 0] -  tempo: 11577
Guloso: [0, 2, 4, 7, 3, 1, 9, 6, 5, 8, 0] -  tempo: 8005
Guloso: [0, 3, 2, 8, 1, 4, 6, 5, 7, 9, 0] -  tempo: 27358
Guloso: [0, 4, 7, 6, 9, 1, 8, 2, 3, 5, 0] -  tempo: 2239
Guloso: [0, 2, 9, 5, 6, 1, 4, 3, 8, 7, 0] -  tempo: 2275
Guloso: [0, 4, 9, 3, 2, 8, 7, 5, 1, 6, 0] -  tempo: 2047
Guloso: [0, 1, 4, 6, 2, 3, 8, 7, 9, 5, 0] -  tempo: 2184
Guloso: [0, 4, 5, 2, 1, 6, 3, 7, 9, 8, 0] -  tempo: 2670
Guloso: [0, 1, 2, 3, 8, 4, 6, 7, 9, 5, 0] -  tempo: 3821
Guloso: [0, 5, 9, 2, 4, 3, 7, 6, 1, 8, 0] -  tempo: 2414
Guloso: [0, 2, 3, 9, 8, 5, 1, 7, 6, 4, 0] -  tempo: 21776
Guloso: [0, 1, 2, 9, 5, 3, 7, 6, 4, 8, 0] -  tempo: 2415
Guloso: [0, 4, 6, 5, 2, 3, 7, 1, 8, 9, 0] -  tempo: 21398
Guloso: [0, 3, 2, 7, 5, 4, 6, 9, 1, 8, 0] -  tempo: 21158
Guloso: [0, 2, 3, 6, 5, 4, 8, 1, 9, 7, 0] -  tempo: 2121
Guloso: [0, 1, 9, 2, 5, 7, 8, 4, 3, 6, 0] -  tempo: 2324
Guloso: [0, 1, 2, 6, 9, 4, 5, 3, 8, 7, 0] -  tempo: 2400
Guloso: [0, 4, 3, 2, 1, 7, 5, 6, 9, 8, 0] -  tempo: 2092
Guloso: [0, 3, 1, 4, 6, 7, 9, 5, 2, 8, 0] -  tempo: 2160
Guloso: [0, 7, 1, 8, 5, 6, 4, 2, 3, 9, 0] -  tempo: 2454
Guloso: [0, 7, 5, 9, 2, 4, 1, 6, 3, 8, 0] -  tempo: 2112
Guloso: [0, 3, 9, 6, 7, 2, 5, 1, 8, 4, 0] -  tempo: 2029
Guloso: [0, 3, 6, 4, 9, 7, 2, 8, 1, 5, 0] -  tempo: 3154
Guloso: [0, 1, 9, 3, 7, 2, 5, 6, 4, 8, 0] -  tempo: 2275
Guloso: [0, 5, 9, 3, 7, 6, 2, 1, 4, 8, 0] -  tempo: 2614
Guloso: [0, 4, 5, 2, 1, 8, 3, 9, 6, 7, 0] -  tempo: 2179
Guloso: [0, 1, 8, 6, 7, 3, 9, 2, 4, 5, 0] -  tempo: 2049
Guloso: [0, 6, 3, 1, 5, 4, 2, 9, 7, 8, 0] -  tempo: 2160
Guloso: [0, 2, 1, 5, 9, 3, 7, 6, 8, 4, 0] -  tempo: 2091
